  -3.0354893581951963        15.437785500864784     
  -2.8232827674060026        15.191915945191317     
  -2.6110761766168089        14.271631532476226     
  -2.3988695858276148        14.757339819414462     
  -2.1866629950384211        13.611947010671607     
  -1.9744564042492272        13.106028125124585     
  -1.7622498134600335        12.166301381885905     
  -1.5500432226708396        10.045004823100449     
  -1.3378366318816459        9.2594154443653380     
  -1.1256300410924522        7.3372879857656459     
 -0.91342345030325811        5.7811693562159823     
 -0.70121685951406443        4.2565241190016518     
 -0.48901026872487074        3.0707758396184430     
 -0.27680367793567706        2.4101147891681554     
  -6.4597087146482934E-002   2.0026118147604666     
  0.14760950364271075        2.1607146046796606     
  0.35981609443190443        2.7089752033263310     
  0.57202268522109811        3.6184015926477713     
  0.78422927601029224        4.8747380836310983     
  0.99643586679948548        6.0010254593754029     
   1.2086424575886801        7.7738882530644888     
   1.4208490483778737        9.4764672553348976     
   1.6330556391670674        10.998230079167941     
   1.8452622299562611        12.650669646218100     
   2.0574688207454548        12.785688113814048     
   2.2696754115346485        14.047647902993859     
   2.4818820023238422        15.060546449692984     
   2.6940885931130358        14.923327782524305     
   2.9062951839022304        15.753879548369580     
   3.1185017746914241        9.7141912576186087     
