  -3.0354893581951963        8.6563607752690128     
  -2.8232827674060026        8.6909804428755741     
  -2.6110761766168089        8.6380411813798705     
  -2.3988695858276148        8.8363598134582304     
  -2.1866629950384211        8.3437627173412583     
  -1.9744564042492272        8.2337362727717114     
  -1.7622498134600335        8.1827437130872269     
  -1.5500432226708396        8.0847543778782942     
  -1.3378366318816459        8.0646573038798852     
  -1.1256300410924522        7.7818756116758196     
 -0.91342345030325811        8.1542378979227141     
 -0.70121685951406443        7.8098422906216749     
 -0.48901026872487074        7.7382010796896781     
 -0.27680367793567706        7.5452164504035331     
  -6.4597087146482934E-002   7.4891187462520525     
  0.14760950364271075        7.6477293889418236     
  0.35981609443190443        7.6617942437439055     
  0.57202268522109811        8.0684818174470969     
  0.78422927601029224        7.9360383106581223     
  0.99643586679948548        7.6777093675580650     
   1.2086424575886801        7.8218249299153921     
   1.4208490483778737        8.2704173753671562     
   1.6330556391670674        8.1124442769080467     
   1.8452622299562611        8.2097351008990476     
   2.0574688207454548        8.4864207767568836     
   2.2696754115346485        8.4713125072954636     
   2.4818820023238422        8.6953511533836085     
   2.6940885931130358        8.8738789540842600     
   2.9062951839022304        8.3302302586225903     
   3.1185017746914241        5.3831176702070707     
