  -5.8750000000000000       0.00000000000000000
  -5.8250000000000000       0.00000000000000000
  -5.7750000000000000       0.00000000000000000
  -5.7250000000000000       0.00000000000000000
  -5.6750000000000000       0.00000000000000000
  -5.6250000000000000       0.00000000000000000
  -5.5750000000000000       0.00000000000000000
  -5.5250000000000000       0.00000000000000000
  -5.4750000000000000       0.00000000000000000
  -5.4250000000000000       0.00000000000000000
  -5.3750000000000000       0.00000000000000000
  -5.3250000000000000       0.00000000000000000
  -5.2750000000000000       0.00000000000000000
  -5.2250000000000000       0.00000000000000000
  -5.1250000000000000        8.4832167179461584E-002
  -5.0749999999999993        8.7388001606955479E-002
  -5.0249999999999995        2.8891533741871148E-002
  -4.9749999999999996        9.2934185483091528E-003
  -4.9249999999999989        6.4728509638028280E-003
  -4.8750000000000000        5.4157254915718099E-003
  -4.8249999999999993        4.8039069713655480E-003
  -4.7749999999999995        4.3985324958195774E-003
  -4.7249999999999996        4.1076537327551432E-003
  -4.6749999999999989        3.8902370416365058E-003
  -4.6250000000000000        3.7099743494465312E-003
  -4.5749999999999993        3.5678540010585084E-003
  -4.5249999999999995        3.4475712486037005E-003
  -4.4749999999999996        3.3545817148050612E-003
  -4.4249999999999989        3.2674793327475784E-003
  -4.3750000000000000        3.1946205687972775E-003
  -4.3249999999999993        3.1305448524037911E-003
  -4.2749999999999995        3.0662059421071425E-003
  -4.2249999999999996        3.0183521247189628E-003
  -4.1749999999999989        2.9786822536352325E-003
  -4.1250000000000000        2.9429665249255371E-003
  -4.0749999999999993        2.9204842946497955E-003
  -4.0249999999999995        2.8809904310830863E-003
  -3.9750000000000001        2.8591927447181274E-003
  -3.9249999999999998        2.8331558818862437E-003
  -3.8750000000000000        2.8115084176646046E-003
  -3.8249999999999997        2.7937889399011584E-003
  -3.7749999999999999        2.7845055514708803E-003
  -3.7250000000000001        2.7648340795047304E-003
  -3.6749999999999998        2.7470585408949960E-003
  -3.6250000000000000        2.7320434322534531E-003
  -3.5749999999999997        2.7277216902788534E-003
  -3.5249999999999999        2.7254189016515133E-003
  -3.4750000000000001        2.7202931050273288E-003
  -3.4250000000000003        2.7115058071341901E-003
  -3.3749999999999996        2.7018772913943749E-003
  -3.3249999999999997        2.6906732304706137E-003
  -3.2749999999999999        2.6834478548885864E-003
  -3.2250000000000001        2.6752345485686040E-003
  -3.1750000000000003        2.6781432825796207E-003
  -3.1249999999999996        2.6823948177167808E-003
  -3.0749999999999997        2.6757111747450378E-003
  -3.0249999999999999        2.6803649660712536E-003
  -2.9750000000000001        2.6818023644263594E-003
  -2.9250000000000003        2.6778247471178564E-003
  -2.8749999999999996        2.6742355887528022E-003
  -2.8249999999999997        2.6746747683763887E-003
  -2.7749999999999999        2.6727762848181786E-003
  -2.7250000000000001        2.6746140648550381E-003
  -2.6749999999999994        2.6758319714830351E-003
  -2.6249999999999996        2.6754672272366166E-003
  -2.5749999999999997        2.6754579854796857E-003
  -2.5249999999999999        2.6747308292226768E-003
  -2.4750000000000001        2.6711466404816327E-003
  -2.4249999999999994        2.6716800249954441E-003
  -2.3749999999999996        2.6740765825810785E-003
  -2.3249999999999997        2.6767894741722273E-003
  -2.2749999999999999        2.6778248996940320E-003
  -2.2250000000000001        2.6786599055106963E-003
  -2.1749999999999994        2.6880778661279824E-003
  -2.1249999999999996        2.6903291058045170E-003
  -2.0749999999999997        2.6933421583265511E-003
  -2.0249999999999999        2.6937669957896172E-003
  -1.9750000000000001        2.6964938154059519E-003
  -1.9249999999999994        2.6963831976785364E-003
  -1.8749999999999996        2.7048570823100960E-003
  -1.8249999999999997        2.7092618039277054E-003
  -1.7749999999999999        2.7101196089843456E-003
  -1.7250000000000001        2.7079795973399298E-003
  -1.6749999999999994        2.7133617001427707E-003
  -1.6249999999999996        2.7149710518479422E-003
  -1.5749999999999997        2.7199417874843755E-003
  -1.5249999999999999        2.7246421581373871E-003
  -1.4750000000000001        2.7229094594924232E-003
  -1.4249999999999994        2.7302439052435128E-003
  -1.3749999999999996        2.7257234436983018E-003
  -1.3249999999999997        2.7373597965211442E-003
  -1.2749999999999999        2.7436210650452300E-003
  -1.2250000000000001        2.7396935145189679E-003
  -1.1749999999999994        2.7476950233104184E-003
  -1.1249999999999996        2.7500390510984030E-003
  -1.0749999999999997        2.7499863687245776E-003
  -1.0249999999999999        2.7507401386259555E-003
 -0.97499999999999998        2.7512998970215742E-003
 -0.92499999999999927        2.7561899634542314E-003
 -0.87499999999999944        2.7598449039476281E-003
 -0.82499999999999962        2.7742124575027088E-003
 -0.77499999999999980        2.7759862645287377E-003
 -0.72499999999999998        2.7863811050095355E-003
 -0.67499999999999927        2.7860326646173246E-003
 -0.62499999999999944        2.7918724741508071E-003
 -0.57499999999999962        2.7995557308362483E-003
 -0.52499999999999980        2.8043359206257716E-003
 -0.47499999999999998        2.8112910838005529E-003
 -0.42499999999999927        2.8158762158476832E-003
 -0.37499999999999944        2.8217625175215749E-003
 -0.32499999999999962        2.8260503003987732E-003
 -0.27499999999999980        2.8339845448933161E-003
 -0.22500000000000001        2.8536477777459761E-003
 -0.17499999999999930        2.8769025229961154E-003
 -0.12499999999999947        2.9006727359577144E-003
  -7.4999999999999650E-002   2.9298344460552610E-003
  -2.4999999999999821E-002   3.0205714759747662E-003
   2.5000000000000001E-002   3.0337035984382356E-003
   7.5000000000000705E-002   2.9311486936399430E-003
  0.12500000000000053        2.9014414801209120E-003
  0.17500000000000035        2.8662989147137043E-003
  0.22500000000000017        2.8527599369793104E-003
  0.27500000000000002        2.8384582963321523E-003
  0.32500000000000073        2.8327672049768293E-003
  0.37500000000000056        2.8169514419547612E-003
  0.42500000000000038        2.8120519157992080E-003
  0.47500000000000020        2.8019685922760908E-003
  0.52500000000000002        2.7946951769952997E-003
  0.57500000000000073        2.7846646012357973E-003
  0.62499999999999967        2.7823196361941617E-003
  0.67500000000000038        2.7791384447264558E-003
  0.72500000000000109        2.7763529268756519E-003
  0.77500000000000002        2.7676169817639502E-003
  0.82500000000000073        2.7646931427115344E-003
  0.87499999999999967        2.7504211890288571E-003
  0.92500000000000038        2.7485400119682960E-003
  0.97500000000000109        2.7507878513757709E-003
   1.0249999999999999        2.7443674676969790E-003
   1.0750000000000006        2.7452900522385213E-003
   1.1249999999999996        2.7462936329327886E-003
   1.1750000000000003        2.7390757989731620E-003
   1.2250000000000010        2.7314937438854339E-003
   1.2749999999999999        2.7204449619153892E-003
   1.3250000000000006        2.7202160540585772E-003
   1.3749999999999996        2.7161784525164094E-003
   1.4250000000000003        2.7139259486372758E-003
   1.4750000000000010        2.7065603119565446E-003
   1.5249999999999999        2.7053785876787959E-003
   1.5750000000000006        2.7092340568603160E-003
   1.6249999999999996        2.7059202984924834E-003
   1.6750000000000003        2.6998797641015091E-003
   1.7250000000000010        2.6964882572738354E-003
   1.7749999999999999        2.6998848209119053E-003
   1.8250000000000006        2.7010439203224504E-003
   1.8749999999999996        2.6962630984316278E-003
   1.9250000000000003        2.6940221467486578E-003
   1.9750000000000010        2.6925149774880428E-003
   2.0249999999999999        2.6891392513962607E-003
   2.0750000000000006        2.6859509542380843E-003
   2.1250000000000013        2.6867444375383493E-003
   2.1750000000000003        2.6863193821093177E-003
   2.2250000000000010        2.6825516442288513E-003
   2.2749999999999999        2.6780490340962029E-003
   2.3250000000000006        2.6727496711738091E-003
   2.3750000000000013        2.6742325154326908E-003
   2.4250000000000003        2.6674901088366886E-003
   2.4750000000000010        2.6616829506048161E-003
   2.5249999999999999        2.6659420273643774E-003
   2.5750000000000006        2.6604342017927220E-003
   2.6250000000000013        2.6640373535727515E-003
   2.6750000000000003        2.6662469399533076E-003
   2.7250000000000010        2.6658790569969873E-003
   2.7749999999999999        2.6660617560691452E-003
   2.8250000000000006        2.6611319762376009E-003
   2.8750000000000013        2.6649530503897890E-003
   2.9250000000000003        2.6590830307735092E-003
   2.9750000000000010        2.6567007281620087E-003
   3.0249999999999999        2.6633042032516959E-003
   3.0750000000000006        2.6684139793774269E-003
   3.1250000000000013        2.6719450934059078E-003
   3.1750000000000003        2.6765158832925181E-003
   3.2250000000000010        2.6783802551771508E-003
   3.2749999999999999        2.6757078180691713E-003
   3.3250000000000006        2.6830197043428467E-003
   3.3750000000000013        2.6873829906304426E-003
   3.4250000000000003        2.6905716147375669E-003
   3.4750000000000010        2.7006643107971946E-003
   3.5249999999999999        2.7068805693494353E-003
   3.5750000000000006        2.7234348664519027E-003
   3.6250000000000013        2.7287774084320325E-003
   3.6750000000000003        2.7408368331936217E-003
   3.7250000000000010        2.7555605213394896E-003
   3.7749999999999999        2.7716320456253004E-003
   3.8250000000000006        2.7890658353979607E-003
   3.8750000000000013        2.8079611741546875E-003
   3.9250000000000003        2.8272427050088241E-003
   3.9750000000000010        2.8444849680877302E-003
   4.0250000000000004        2.8727128465999220E-003
   4.0750000000000011        2.9018624595863914E-003
   4.1250000000000018        2.9365511108707548E-003
   4.1750000000000007        2.9811854837643098E-003
   4.2250000000000014        3.0178095856346066E-003
   4.2750000000000004        3.0737750936097223E-003
   4.3250000000000011        3.1277301489102266E-003
   4.3750000000000018        3.1915255392756751E-003
   4.4250000000000007        3.2649210662122501E-003
   4.4750000000000014        3.3495347346739479E-003
   4.5250000000000004        3.4498322095622897E-003
   4.5750000000000011        3.5776634285495656E-003
   4.6250000000000018        3.7141678402471184E-003
   4.6750000000000007        3.8966430613581811E-003
   4.7250000000000014        4.1140950629632049E-003
   4.7750000000000004        4.4095135775607834E-003
   4.8250000000000011        4.7953708792474771E-003
   4.8750000000000018        5.4102824672816532E-003
   4.9250000000000007        6.4598342543180122E-003
   4.9750000000000014        9.2883665767574345E-003
   5.0250000000000004        2.8977580972486962E-002
   5.0750000000000011        8.7541352935063974E-002
   5.1250000000000018        8.4870621694119117E-002
   5.1750000000000011       0.00000000000000000
   5.2250000000000018       0.00000000000000000
   5.2750000000000011       0.00000000000000000
   5.3250000000000018       0.00000000000000000
   5.3750000000000011       0.00000000000000000
   5.4250000000000018       0.00000000000000000
   5.4750000000000011       0.00000000000000000
   5.5250000000000018       0.00000000000000000
   5.5750000000000011       0.00000000000000000
   5.6250000000000018       0.00000000000000000
   5.6750000000000011       0.00000000000000000
   5.7250000000000018       0.00000000000000000
   5.7750000000000011       0.00000000000000000
   5.8250000000000018       0.00000000000000000
   
