  -3.0354893581951963        7.3901171920986606     
  -2.8232827674060026        7.7737198445113425     
  -2.6110761766168089        7.5066381013925190     
  -2.3988695858276148        7.3660730573018283     
  -2.1866629950384211        7.1008415009759434     
  -1.9744564042492272        6.8502415084518180     
  -1.7622498134600335        6.3438837417244756     
  -1.5500432226708396        6.2599418484155525     
  -1.3378366318816459        6.2088861625271523     
  -1.1256300410924522        5.3112945830347860     
 -0.91342345030325811        5.1872803608325588     
 -0.70121685951406443        4.6950705394096337     
 -0.48901026872487074        4.3556055476333420     
 -0.27680367793567706        4.1588119358638735     
  -6.4597087146482934E-002   4.0983208868477954     
  0.14760950364271075        4.3451352510131773     
  0.35981609443190443        4.1270177300910911     
  0.57202268522109811        4.4322985878278063     
  0.78422927601029224        4.8530776449083941     
  0.99643586679948548        5.3432979153762847     
   1.2086424575886801        5.6082168073300283     
   1.4208490483778737        6.0370134264255668     
   1.6330556391670674        6.3387229190918344     
   1.8452622299562611        6.8867998878599179     
   2.0574688207454548        7.1686383853143472     
   2.2696754115346485        7.2353340218919922     
   2.4818820023238422        7.5043509600270379     
   2.6940885931130358        7.4441859607715273     
   2.9062951839022304        7.5375313358435605     
   3.1185017746914241        4.6173410938026649     
