  -5.8750000000000000       0.00000000000000000
  -5.8250000000000000       0.00000000000000000
  -5.7750000000000000       0.00000000000000000
  -5.7250000000000000       0.00000000000000000
  -5.6750000000000000       0.00000000000000000
  -5.6250000000000000       0.00000000000000000
  -5.5750000000000000       0.00000000000000000
  -5.5250000000000000       0.00000000000000000
  -5.4750000000000000       0.00000000000000000
  -5.4250000000000000       0.00000000000000000
  -5.3750000000000000       0.00000000000000000
  -5.3250000000000000       0.00000000000000000
  -5.2750000000000000       0.00000000000000000
  -5.2250000000000000       0.00000000000000000
  -5.1250000000000000       0.16391125323386521     
  -5.0749999999999993       0.15230374155815243     
  -5.0249999999999995        3.6678454901511615E-002
  -4.9749999999999996        7.2307730723662391E-003
  -4.9249999999999989        4.5513842535157053E-003
  -4.8750000000000000        3.6534157120132640E-003
  -4.8249999999999993        3.1661395673866725E-003
  -4.7749999999999995        2.8427337216969080E-003
  -4.7249999999999996        2.5948887509700709E-003
  -4.6749999999999989        2.4124806570208798E-003
  -4.6250000000000000        2.2674264519017525E-003
  -4.5749999999999993        2.1377633343809435E-003
  -4.5249999999999995        2.0354153575601582E-003
  -4.4749999999999996        1.9462200576372171E-003
  -4.4249999999999989        1.8743873380901086E-003
  -4.3750000000000000        1.8064764194593002E-003
  -4.3249999999999993        1.7465497226272126E-003
  -4.2749999999999995        1.6984538579614230E-003
  -4.2249999999999996        1.6497618822843576E-003
  -4.1749999999999989        1.5953357747666142E-003
  -4.1250000000000000        1.5700580251368061E-003
  -4.0749999999999993        1.5342360371744042E-003
  -4.0249999999999995        1.4963510405001869E-003
  -3.9750000000000001        1.4679918849986491E-003
  -3.9249999999999998        1.4341861034677351E-003
  -3.8750000000000000        1.4134744746717419E-003
  -3.8249999999999997        1.3938338423197473E-003
  -3.7749999999999999        1.3688160627333980E-003
  -3.7250000000000001        1.3476580646481608E-003
  -3.6749999999999998        1.3297281025296686E-003
  -3.6250000000000000        1.3125722961628240E-003
  -3.5749999999999997        1.2959062087383138E-003
  -3.5249999999999999        1.2808110667067657E-003
  -3.4750000000000001        1.2624915118358200E-003
  -3.4250000000000003        1.2545507249402447E-003
  -3.3749999999999996        1.2434724802616183E-003
  -3.3249999999999997        1.2354006214061093E-003
  -3.2749999999999999        1.2270329022338849E-003
  -3.2250000000000001        1.2218092050989651E-003
  -3.1750000000000003        1.2099449549110124E-003
  -3.1249999999999996        1.1948770502721137E-003
  -3.0749999999999997        1.1883861536910575E-003
  -3.0249999999999999        1.1807891376432432E-003
  -2.9750000000000001        1.1725638286882996E-003
  -2.9250000000000003        1.1635351658377882E-003
  -2.8749999999999996        1.1550780619826429E-003
  -2.8249999999999997        1.1503067016408342E-003
  -2.7749999999999999        1.1450948542635930E-003
  -2.7250000000000001        1.1325255861187936E-003
  -2.6749999999999994        1.1286138447090123E-003
  -2.6249999999999996        1.1237248392909703E-003
  -2.5749999999999997        1.1158224149202536E-003
  -2.5249999999999999        1.1143900008670591E-003
  -2.4750000000000001        1.1058264196929174E-003
  -2.4249999999999994        1.1059579605281549E-003
  -2.3749999999999996        1.1073195317854439E-003
  -2.3249999999999997        1.1051679482662325E-003
  -2.2749999999999999        1.1063683116690596E-003
  -2.2250000000000001        1.0958890338785597E-003
  -2.1749999999999994        1.0950404974537139E-003
  -2.1249999999999996        1.0950165848132188E-003
  -2.0749999999999997        1.0867787867251822E-003
  -2.0249999999999999        1.0838187769321161E-003
  -1.9750000000000001        1.0852971407650858E-003
  -1.9249999999999994        1.0882481566773239E-003
  -1.8749999999999996        1.0853046427699471E-003
  -1.8249999999999997        1.0869895248617392E-003
  -1.7749999999999999        1.0805482011878055E-003
  -1.7250000000000001        1.0808219391151858E-003
  -1.6749999999999994        1.0813974196130934E-003
  -1.6249999999999996        1.0830065144057756E-003
  -1.5749999999999997        1.0832364764297895E-003
  -1.5249999999999999        1.0843534652785905E-003
  -1.4750000000000001        1.0873919051224788E-003
  -1.4249999999999994        1.0868769521637928E-003
  -1.3749999999999996        1.0887860419008697E-003
  -1.3249999999999997        1.0918713266501131E-003
  -1.2749999999999999        1.0870512032767064E-003
  -1.2250000000000001        1.0962571009920648E-003
  -1.1749999999999994        1.1043077325838186E-003
  -1.1249999999999996        1.1102253225433762E-003
  -1.0749999999999997        1.1154338451684631E-003
  -1.0249999999999999        1.1170410644599301E-003
 -0.97499999999999998        1.1236993068994255E-003
 -0.92499999999999927        1.1326368374408838E-003
 -0.87499999999999944        1.1350744348954302E-003
 -0.82499999999999962        1.1376881589641053E-003
 -0.77499999999999980        1.1424759299415480E-003
 -0.72499999999999998        1.1457462499356930E-003
 -0.67499999999999927        1.1552384599615797E-003
 -0.62499999999999944        1.1697527933667681E-003
 -0.57499999999999962        1.1853942603773312E-003
 -0.52499999999999980        1.1870475146986287E-003
 -0.47499999999999998        1.1980712845919557E-003
 -0.42499999999999927        1.2125103848233934E-003
 -0.37499999999999944        1.2292596336767915E-003
 -0.32499999999999962        1.2496120613650246E-003
 -0.27499999999999980        1.2666996676876760E-003
 -0.22500000000000001        1.3004005916506431E-003
 -0.17499999999999930        1.3315490437096260E-003
 -0.12499999999999947        1.3804752012884396E-003
  -7.4999999999999650E-002   1.4415896445151787E-003
  -2.4999999999999821E-002   1.6264413460478104E-003
   2.5000000000000001E-002   1.6259828286256943E-003
   7.5000000000000705E-002   1.4392775351419478E-003
  0.12500000000000053        1.3717800366540329E-003
  0.17500000000000035        1.3174982574798131E-003
  0.22500000000000017        1.2948058010252572E-003
  0.27500000000000002        1.2721069934415860E-003
  0.32500000000000073        1.2524996086111355E-003
  0.37500000000000056        1.2301534805059982E-003
  0.42500000000000038        1.2097914195615225E-003
  0.47500000000000020        1.2026672855701328E-003
  0.52500000000000002        1.1879502275335802E-003
  0.57500000000000073        1.1809849570201328E-003
  0.62499999999999967        1.1682595533991588E-003
  0.67500000000000038        1.1584826508137932E-003
  0.72500000000000109        1.1510021289664663E-003
  0.77500000000000002        1.1402292926107425E-003
  0.82500000000000073        1.1277547799023440E-003
  0.87499999999999967        1.1250699572875975E-003
  0.92500000000000038        1.1192166884947195E-003
  0.97500000000000109        1.1132382299957194E-003
   1.0249999999999999        1.1113574432769827E-003
   1.0750000000000006        1.1024727677697739E-003
   1.1249999999999996        1.1120126325765407E-003
   1.1750000000000003        1.1082336681277978E-003
   1.2250000000000010        1.1088676301636009E-003
   1.2749999999999999        1.1005459886462344E-003
   1.3250000000000006        1.0985984085092159E-003
   1.3749999999999996        1.0950063548065896E-003
   1.4250000000000003        1.0946703843388833E-003
   1.4750000000000010        1.0925115971900040E-003
   1.5249999999999999        1.0846241768290097E-003
   1.5750000000000006        1.0814155778748598E-003
   1.6249999999999996        1.0767235853344809E-003
   1.6750000000000003        1.0827166215929271E-003
   1.7250000000000010        1.0864203954929470E-003
   1.7749999999999999        1.0813466532051969E-003
   1.8250000000000006        1.0813642573416044E-003
   1.8749999999999996        1.0794329173401094E-003
   1.9250000000000003        1.0778646999489152E-003
   1.9750000000000010        1.0835308022455106E-003
   2.0249999999999999        1.0885429939933764E-003
   2.0750000000000006        1.0867665959672828E-003
   2.1250000000000013        1.0933333224724764E-003
   2.1750000000000003        1.1001156037423480E-003
   2.2250000000000010        1.0985922705052384E-003
   2.2749999999999999        1.0994180877903624E-003
   2.3250000000000006        1.1054150029263222E-003
   2.3750000000000013        1.1055577541438241E-003
   2.4250000000000003        1.1130352069891620E-003
   2.4750000000000010        1.1202023070083936E-003
   2.5249999999999999        1.1250860269230104E-003
   2.5750000000000006        1.1241693757040269E-003
   2.6250000000000013        1.1273918704171812E-003
   2.6750000000000003        1.1283668752989776E-003
   2.7250000000000010        1.1361883547422425E-003
   2.7749999999999999        1.1456824402693447E-003
   2.8250000000000006        1.1559179455268818E-003
   2.8750000000000013        1.1649814330249593E-003
   2.9250000000000003        1.1716267600810856E-003
   2.9750000000000010        1.1848635787834532E-003
   3.0249999999999999        1.1896856629081305E-003
   3.0750000000000006        1.2037769855392107E-003
   3.1250000000000013        1.2136868782107529E-003
   3.1750000000000003        1.2150490888434562E-003
   3.2250000000000010        1.2238095550201780E-003
   3.2749999999999999        1.2309234163799113E-003
   3.3250000000000006        1.2447949217435513E-003
   3.3750000000000013        1.2554597462792842E-003
   3.4250000000000003        1.2682873647164928E-003
   3.4750000000000010        1.2810505341119389E-003
   3.5249999999999999        1.2921717874434346E-003
   3.5750000000000006        1.3072771594816119E-003
   3.6250000000000013        1.3255107822968740E-003
   3.6750000000000003        1.3494452041812148E-003
   3.7250000000000010        1.3650806184378559E-003
   3.7749999999999999        1.3857598095878296E-003
   3.8250000000000006        1.4102040694275418E-003
   3.8750000000000013        1.4309088782191155E-003
   3.9250000000000003        1.4603264131564759E-003
   3.9750000000000010        1.4899464596000625E-003
   4.0250000000000004        1.5120860694463774E-003
   4.0750000000000011        1.5443489954775316E-003
   4.1250000000000018        1.5799687703089008E-003
   4.1750000000000007        1.6112936047321781E-003
   4.2250000000000014        1.6599844295334979E-003
   4.2750000000000004        1.6984075245563993E-003
   4.3250000000000011        1.7481464987869127E-003
   4.3750000000000018        1.8224556898137577E-003
   4.4250000000000007        1.8874603488113297E-003
   4.4750000000000014        1.9632949617016376E-003
   4.5250000000000004        2.0572323385724118E-003
   4.5750000000000011        2.1690368482709657E-003
   4.6250000000000018        2.2936501787695469E-003
   4.6750000000000007        2.4266730435924489E-003
   4.7250000000000014        2.6102429252944700E-003
   4.7750000000000004        2.8572740989939722E-003
   4.8250000000000011        3.1887767391804043E-003
   4.8750000000000018        3.6945327940318506E-003
   4.9250000000000007        4.5980210208610098E-003
   4.9750000000000014        7.3153495669212266E-003
   5.0250000000000004        3.6976054532479125E-002
   5.0750000000000011       0.15384076501638308     
   5.1250000000000018       0.16626598507721524     
   5.1750000000000011       0.00000000000000000
   5.2250000000000018       0.00000000000000000
   5.2750000000000011       0.00000000000000000
   5.3250000000000018       0.00000000000000000
   5.3750000000000011       0.00000000000000000
   5.4250000000000018       0.00000000000000000
   5.4750000000000011       0.00000000000000000
   5.5250000000000018       0.00000000000000000
   5.5750000000000011       0.00000000000000000
   5.6250000000000018       0.00000000000000000
   5.6750000000000011       0.00000000000000000
   5.7250000000000018       0.00000000000000000
   5.7750000000000011       0.00000000000000000
   5.8250000000000018       0.00000000000000000
