  -5.8750000000000000       0.00000000000000000
  -5.8250000000000000       0.00000000000000000
  -5.7750000000000000       0.00000000000000000
  -5.7250000000000000       0.00000000000000000
  -5.6750000000000000       0.00000000000000000
  -5.6250000000000000       0.00000000000000000
  -5.5750000000000000       0.00000000000000000
  -5.5250000000000000       0.00000000000000000
  -5.4750000000000000       0.00000000000000000
  -5.4250000000000000       0.00000000000000000
  -5.3750000000000000       0.00000000000000000
  -5.3250000000000000       0.00000000000000000
  -5.2750000000000000       0.00000000000000000
  -5.2250000000000000       0.00000000000000000
  -5.1250000000000000       0.25196535520135532     
  -5.0749999999999993       0.17091612958955291     
  -5.0249999999999995        2.1888152101456285E-002
  -4.9749999999999996        2.2511835908763881E-003
  -4.9249999999999989        1.3553264030218839E-003
  -4.8750000000000000        1.0782751495197159E-003
  -4.8249999999999993        9.2593811455219234E-004
  -4.7749999999999995        8.2735682353045283E-004
  -4.7249999999999996        7.5488091829295414E-004
  -4.6749999999999989        6.9830603462799263E-004
  -4.6250000000000000        6.5733905298951648E-004
  -4.5749999999999993        6.2412434318761124E-004
  -4.5249999999999995        6.0263858821697671E-004
  -4.4749999999999996        5.7959973452166667E-004
  -4.4249999999999989        5.6469566203008184E-004
  -4.3750000000000000        5.4007313697349328E-004
  -4.3249999999999993        5.2965568675581072E-004
  -4.2749999999999995        5.1715248868780799E-004
  -4.2249999999999996        5.0730744080859430E-004
  -4.1749999999999989        4.9500981736602591E-004
  -4.1250000000000000        4.8556858306194434E-004
  -4.0749999999999993        4.8090168765496899E-004
  -4.0249999999999995        4.7206496574302994E-004
  -3.9750000000000001        4.6681701453578844E-004
  -3.9249999999999998        4.6585366899937815E-004
  -3.8750000000000000        4.5855840536858041E-004
  -3.8249999999999997        4.5583572758903002E-004
  -3.7749999999999999        4.4639800738110964E-004
  -3.7250000000000001        4.5048995272989914E-004
  -3.6749999999999998        4.4768860312253831E-004
  -3.6250000000000000        4.5019002462253469E-004
  -3.5749999999999997        4.4636119722382033E-004
  -3.5249999999999999        4.4281525456608826E-004
  -3.4750000000000001        4.4065724811345199E-004
  -3.4250000000000003        4.3720319907033714E-004
  -3.3749999999999996        4.3676200429728962E-004
  -3.3249999999999997        4.3598165531847749E-004
  -3.2749999999999999        4.3343784503353572E-004
  -3.2250000000000001        4.3381925624563962E-004
  -3.1750000000000003        4.3593070092413905E-004
  -3.1249999999999996        4.3724110738267686E-004
  -3.0749999999999997        4.3449519264226002E-004
  -3.0249999999999999        4.3399579565154146E-004
  -2.9750000000000001        4.3217290219408440E-004
  -2.9250000000000003        4.3495211299562924E-004
  -2.8749999999999996        4.3320828670180073E-004
  -2.8249999999999997        4.3323051336002078E-004
  -2.7749999999999999        4.3464757263705315E-004
  -2.7250000000000001        4.3805317107934447E-004
  -2.6749999999999994        4.3726886874235089E-004
  -2.6249999999999996        4.3602558152049337E-004
  -2.5749999999999997        4.4033056894905991E-004
  -2.5249999999999999        4.4622660734084367E-004
  -2.4750000000000001        4.4785451238755228E-004
  -2.4249999999999994        4.4359503250427420E-004
  -2.3749999999999996        4.4353300870702780E-004
  -2.3249999999999997        4.4988482537092835E-004
  -2.2749999999999999        4.5312583233426620E-004
  -2.2250000000000001        4.5253063229695100E-004
  -2.1749999999999994        4.5713198981051870E-004
  -2.1249999999999996        4.5275900462123157E-004
  -2.0749999999999997        4.5695672426447533E-004
  -2.0249999999999999        4.5706728651494932E-004
  -1.9750000000000001        4.6881996149530865E-004
  -1.9249999999999994        4.7177496495732108E-004
  -1.8749999999999996        4.7325848457800343E-004
  -1.8249999999999997        4.7949793801714742E-004
  -1.7749999999999999        4.8031571212007708E-004
  -1.7250000000000001        4.8768696808036227E-004
  -1.6749999999999994        4.8700119221449035E-004
  -1.6249999999999996        4.9264153618433970E-004
  -1.5749999999999997        4.9280213037890979E-004
  -1.5249999999999999        4.9791874224212375E-004
  -1.4750000000000001        5.0199052546418791E-004
  -1.4249999999999994        5.0051763598439342E-004
  -1.3749999999999996        5.0536880180882535E-004
  -1.3249999999999997        5.1874793227122686E-004
  -1.2749999999999999        5.2854053226523349E-004
  -1.2250000000000001        5.2651979519389687E-004
  -1.1749999999999994        5.3664763996168869E-004
  -1.1249999999999996        5.3768860309706115E-004
  -1.0749999999999997        5.3953297646730394E-004
  -1.0249999999999999        5.5107660665226971E-004
 -0.97499999999999998        5.5883691698380958E-004
 -0.92499999999999927        5.6776245767622469E-004
 -0.87499999999999944        5.7588608162463799E-004
 -0.82499999999999962        5.8936259647690862E-004
 -0.77499999999999980        6.0726234809357254E-004
 -0.72499999999999998        6.1382703113244206E-004
 -0.67499999999999927        6.2534096720484513E-004
 -0.62499999999999944        6.2805345410552786E-004
 -0.57499999999999962        6.3919103047905873E-004
 -0.52499999999999980        6.5763581841033576E-004
 -0.47499999999999998        6.6820226630525618E-004
 -0.42499999999999927        6.7890453401680975E-004
 -0.37499999999999944        6.9291918876997693E-004
 -0.32499999999999962        7.1339130270289298E-004
 -0.27499999999999980        7.3865629239016587E-004
 -0.22500000000000001        7.5580011799633844E-004
 -0.17499999999999930        7.9219912603477902E-004
 -0.12499999999999947        8.4086083618518546E-004
  -7.4999999999999650E-002   9.1985060184582128E-004
  -2.4999999999999821E-002   1.1046407980509008E-003
   2.5000000000000001E-002   1.0956256039801712E-003
   7.5000000000000705E-002   9.0843585113757012E-004
  0.12500000000000053        8.3565883178525252E-004
  0.17500000000000035        7.8904395087018024E-004
  0.22500000000000017        7.5056718955018647E-004
  0.27500000000000002        7.2047769724310512E-004
  0.32500000000000073        6.9831719188330466E-004
  0.37500000000000056        6.8348572940365212E-004
  0.42500000000000038        6.6326636683713557E-004
  0.47500000000000020        6.5007638260061458E-004
  0.52500000000000002        6.4223006476552761E-004
  0.57500000000000073        6.2664763993621148E-004
  0.62499999999999967        6.0937041045451665E-004
  0.67500000000000038        6.0194635519940842E-004
  0.72500000000000109        5.9235656248010908E-004
  0.77500000000000002        5.7823468386782116E-004
  0.82500000000000073        5.7401684602405409E-004
  0.87499999999999967        5.6322114728081280E-004
  0.92500000000000038        5.5644478387442871E-004
  0.97500000000000109        5.4643817542420067E-004
   1.0249999999999999        5.3663859116407340E-004
   1.0750000000000006        5.3560742357175060E-004
   1.1249999999999996        5.3075002022663241E-004
   1.1750000000000003        5.3160447270824524E-004
   1.2250000000000010        5.2697834081674060E-004
   1.2749999999999999        5.1827304610123316E-004
   1.3250000000000006        5.1279149535167121E-004
   1.3749999999999996        5.0786736810569085E-004
   1.4250000000000003        5.0319748571697829E-004
   1.4750000000000010        4.9942202865371332E-004
   1.5249999999999999        4.9418918805996530E-004
   1.5750000000000006        4.9215826010976091E-004
   1.6249999999999996        4.8678252758085525E-004
   1.6750000000000003        4.8231461786901183E-004
   1.7250000000000010        4.8209652427600298E-004
   1.7749999999999999        4.8106966145147772E-004
   1.8250000000000006        4.7683912893532808E-004
   1.8749999999999996        4.6972901424602732E-004
   1.9250000000000003        4.6547682611228387E-004
   1.9750000000000010        4.6354534708344352E-004
   2.0249999999999999        4.5593833919693912E-004
   2.0750000000000006        4.4822147187919295E-004
   2.1250000000000013        4.5002736589646989E-004
   2.1750000000000003        4.5016305393449696E-004
   2.2250000000000010        4.5028863894606036E-004
   2.2749999999999999        4.4601110539375379E-004
   2.3250000000000006        4.4722487420785663E-004
   2.3750000000000013        4.4639155022941333E-004
   2.4250000000000003        4.4518085624945159E-004
   2.4750000000000010        4.4302877983408748E-004
   2.5249999999999999        4.4087090516005726E-004
   2.5750000000000006        4.4032152015144462E-004
   2.6250000000000013        4.3814695352064839E-004
   2.6750000000000003        4.3650134621452737E-004
   2.7250000000000010        4.3291341010766809E-004
   2.7749999999999999        4.3283965801448347E-004
   2.8250000000000006        4.3014974918163687E-004
   2.8750000000000013        4.3023773336427467E-004
   2.9250000000000003        4.2651121009005529E-004
   2.9750000000000010        4.2370735668917955E-004
   3.0249999999999999        4.2690768798945064E-004
   3.0750000000000006        4.2750038423325094E-004
   3.1250000000000013        4.3063948240791192E-004
   3.1750000000000003        4.3160585885226134E-004
   3.2250000000000010        4.3304413448486736E-004
   3.2749999999999999        4.3052004706463078E-004
   3.3250000000000006        4.3081228808664241E-004
   3.3750000000000013        4.3385786737721162E-004
   3.4250000000000003        4.3223189508339167E-004
   3.4750000000000010        4.3337239499253207E-004
   3.5249999999999999        4.3409177440294618E-004
   3.5750000000000006        4.3814260482664881E-004
   3.6250000000000013        4.4234489279490219E-004
   3.6750000000000003        4.4272977417696537E-004
   3.7250000000000010        4.4066273888870400E-004
   3.7749999999999999        4.4470900098739696E-004
   3.8250000000000006        4.4631463544968350E-004
   3.8750000000000013        4.5082800878061340E-004
   3.9250000000000003        4.5693572753991173E-004
   3.9750000000000010        4.6234449257273336E-004
   4.0250000000000004        4.6271707461823208E-004
   4.0750000000000011        4.7034292684540127E-004
   4.1250000000000018        4.7772841489513964E-004
   4.1750000000000007        4.8353857756198239E-004
   4.2250000000000014        4.9381129094402260E-004
   4.2750000000000004        5.0113409630348426E-004
   4.3250000000000011        5.1836138169348710E-004
   4.3750000000000018        5.2971103377035065E-004
   4.4250000000000007        5.4782536488386221E-004
   4.4750000000000014        5.6362531226556085E-004
   4.5250000000000004        5.8485963365585648E-004
   4.5750000000000011        6.2415021572059858E-004
   4.6250000000000018        6.5249654062688161E-004
   4.6750000000000007        6.9281341447552272E-004
   4.7250000000000014        7.3561418326955599E-004
   4.7750000000000004        8.1068538030075899E-004
   4.8250000000000011        9.0992565220514082E-004
   4.8750000000000018        1.0582669841324918E-003
   4.9250000000000007        1.3380536100865926E-003
   4.9750000000000014        2.2361243710392830E-003
   5.0250000000000004        2.1917576111802829E-002
   5.0750000000000011       0.17002868202914814     
   5.1250000000000018       0.25055943754190707     
   5.1750000000000011       0.00000000000000000
   5.2250000000000018       0.00000000000000000
   5.2750000000000011       0.00000000000000000
   5.3250000000000018       0.00000000000000000
   5.3750000000000011       0.00000000000000000
   5.4250000000000018       0.00000000000000000
   5.4750000000000011       0.00000000000000000
   5.5250000000000018       0.00000000000000000
   5.5750000000000011       0.00000000000000000
   5.6250000000000018       0.00000000000000000
   5.6750000000000011       0.00000000000000000
   5.7250000000000018       0.00000000000000000
   5.7750000000000011       0.00000000000000000
   5.8250000000000018       0.00000000000000000
