  0.39062500000000000        1.2800640032001599E-004
   1.1718750000000000        5.2482624131206558E-003
   1.9531250000000000        2.5089254462723136E-002
   2.7343750000000000        5.4274713735686785E-002
   3.5156250000000000        6.5923296164808243E-002
   4.2968750000000000        7.7955897794889747E-002
   5.0781250000000000        8.3844192209610480E-002
   5.8593750000000000        8.3460173008650426E-002
   6.6406250000000000        8.3460173008650426E-002
   7.4218750000000000        7.4371718585929295E-002
   8.2031250000000000        7.3859692984649228E-002
   8.9843750000000000        6.1571078553927697E-002
   9.7656250000000000        5.5810790539526978E-002
   10.546875000000000        5.3890694534726738E-002
   11.328125000000000        5.0050502525126259E-002
   12.109375000000000        4.6210310515525779E-002
   12.890625000000000        4.1090054502725133E-002
   13.671875000000000        3.1745587279363968E-002
   14.453125000000000        2.9441472073603678E-002
   15.234375000000000        2.6113305665283266E-002
   16.015625000000000        2.4833241662083103E-002
   16.796875000000000        2.3297164858242913E-002
   17.578125000000000        1.9712985649282463E-002
   18.359375000000000        1.7280864043202161E-002
   19.140625000000000        1.6512825641282064E-002
   19.921875000000000        1.5360768038401921E-002
   20.703125000000000        1.4336716835841793E-002
   21.484375000000000        1.4464723236161808E-002
   22.265625000000000        1.1392569628481425E-002
   23.046875000000000        1.0240512025601280E-002
   23.828125000000000        8.9604480224011202E-003
   24.609375000000000        9.6004800240012001E-003
   25.390625000000000        7.2963648182409122E-003
   26.171875000000000        5.5042752137606883E-003
   26.953125000000000        5.3762688134406716E-003
   27.734375000000000        4.0962048102405118E-003
   28.515625000000000        3.8401920096004802E-003
   29.296875000000000        3.2001600080003999E-003
   30.078125000000000        3.9681984099204960E-003
   30.859375000000000        3.2001600080003999E-003
   31.640625000000000        3.8401920096004802E-003
   32.421875000000000        3.3281664083204161E-003
   33.203125000000000        1.9200960048002401E-003
   33.984375000000000        3.0721536076803841E-003
   34.765625000000000        2.8161408070403520E-003
   35.546875000000000        1.9200960048002401E-003
   36.328125000000000        1.5360768038401920E-003
   37.109375000000000        1.7920896044802241E-003
   37.890625000000000        1.7920896044802241E-003
   38.671875000000000        1.1520576028801440E-003
   39.453125000000000        8.9604480224011204E-004
   40.234375000000000        1.0240512025601280E-003
   41.015625000000000        1.2800640032001600E-003
   41.796875000000000        6.4003200160008000E-004
   42.578125000000000        2.5601280064003199E-004
   43.359375000000000        8.9604480224011204E-004
   44.140625000000000        6.4003200160008000E-004
   44.921875000000000        8.9604480224011204E-004
   45.703125000000000        7.6803840192009602E-004
   46.484375000000000        3.8401920096004801E-004
   47.265625000000000        1.2800640032001599E-004
   48.046875000000000        2.5601280064003199E-004
   48.828125000000000        1.2800640032001599E-004
   49.609375000000000        3.8401920096004801E-004
   51.171875000000000        5.1202560128006398E-004
   51.953125000000000        1.2800640032001599E-004
   54.296875000000000        1.2800640032001599E-004
   55.859375000000000        3.8401920096004801E-004
   56.640625000000000        3.8401920096004801E-004
   57.421875000000000        1.2800640032001599E-004
   60.546875000000000        2.5601280064003199E-004
   64.453125000000000        1.2800640032001599E-004
   70.703125000000000        1.2800640032001599E-004
   71.484375000000000        1.2800640032001599E-004
