  0.78125000000000000        1.9202880432064810E-004
   2.3437500000000000        1.2033805070760614E-002
   3.9062500000000000        3.0852627894184127E-002
   5.4687500000000000        4.2694404160624096E-002
   7.0312500000000000        4.8391258688803319E-002
   8.5937500000000000        4.6662999449917489E-002
   10.156250000000000        4.6855028254238137E-002
   11.718750000000000        4.1734260139020853E-002
   13.281250000000000        3.8597789668450268E-002
   14.843750000000000        3.3284992748912334E-002
   16.406250000000000        3.2196829524428663E-002
   17.968750000000000        2.9380407061059158E-002
   19.531250000000000        2.5667850177526628E-002
   21.093750000000000        2.3043456518477771E-002
   22.656250000000000        1.8242736410461570E-002
   24.218750000000000        1.7986698004700704E-002
   25.781250000000000        1.6002400360054007E-002
   27.343750000000000        1.5170275541331199E-002
   28.906250000000000        1.0433565034755213E-002
   30.468750000000000        1.2865929889483423E-002
   32.031250000000000        9.9854978246737003E-003
   33.593750000000000        1.0049507426113918E-002
   35.156250000000000        7.6171425713857082E-003
   36.718750000000000        7.6811521728259238E-003
   38.281250000000000        7.5531329699454917E-003
   39.843750000000000        6.5929889483422512E-003
   41.406250000000000        5.5688353252987951E-003
   42.968750000000000        5.1207681152172823E-003
   44.531250000000000        4.0966144921738262E-003
   46.093750000000000        3.8405760864129619E-003
   47.656250000000000        3.2644896734510178E-003
   49.218750000000000        2.3683552532879934E-003
   50.781250000000000        2.6884032604890733E-003
   52.343750000000000        3.0084512676901536E-003
   53.906250000000000        2.1123168475271291E-003
   55.468750000000000        2.3043456518477773E-003
   57.031250000000000        1.2801920288043206E-003
   58.593750000000000        1.3442016302445366E-003
   60.156250000000000        1.3442016302445366E-003
   61.718750000000000        1.0241536230434565E-003
   63.281250000000000        1.5362304345651848E-003
   64.843750000000000        4.4806721008151221E-004
   66.406250000000000        8.9613442016302442E-004
   67.968750000000000        8.3212481872280847E-004
   69.531250000000000        6.4009601440216028E-004
   71.093750000000000        5.7608641296194433E-004
   72.656250000000000        3.8405760864129620E-004
   74.218750000000000        3.2004800720108014E-004
   75.781250000000000        4.4806721008151221E-004
   77.343750000000000        2.5603840576086413E-004
   78.906250000000000        3.2004800720108014E-004
   80.468750000000000        5.1207681152172827E-004
   82.031250000000000        1.2801920288043207E-004
   83.593750000000000        1.9202880432064810E-004
   85.156250000000000        1.2801920288043207E-004
   88.281250000000000        1.9202880432064810E-004
   89.843750000000000        1.2801920288043207E-004
   91.406250000000000        1.2801920288043207E-004
   92.968750000000000        2.5603840576086413E-004
   94.531250000000000        1.9202880432064810E-004
   102.34375000000000        6.4009601440216034E-005
   103.90625000000000        6.4009601440216034E-005
   107.03125000000000        6.4009601440216034E-005
   114.84375000000000        6.4009601440216034E-005
   117.96875000000000        6.4009601440216034E-005
   122.65625000000000        6.4009601440216034E-005
   160.15625000000000        6.4009601440216034E-005
