           1  0.92767655624523970     
           2   1.1475190584353843     
           3  0.44072873280864516     
           4  0.31212773921644338     
           5   1.5273713587814333     
           6   1.1686567855004379     
           7   1.4659219123547207     
           8  0.71968429108699783     
           9  0.56122034640060159     
          10  0.62337426718139555     
          11  0.25784810234214756     
          12  0.75203842671450771     
          13  0.96223852545961519     
