           1   1.6308057650282890     
           2   2.0823578161518248     
           3  0.69117485577427051     
           4  0.55216539577593393     
           5   2.7607124070396365     
           6   2.9522384044666321     
           7   2.1330256919374255     
           8  0.93056044405746463     
           9  0.80604962780678291     
          10  0.80074760639949982     
          11  0.40284324499647300     
          12   1.2994258028281240     
          13   1.4800133310924206     
